1796341926
1168781456
1669511347
1655732599
1225530607
38279540
1075946117
38276889
364996702
1941805575
1717115494
11864731
1034437726
1845042944
1127457729
1553736939
1484798126
18347678
11678649
1681780504
13415930
1642956496
1775551095
21817793
1182668048
1752228333
38642345
38338174
1589227265
1490548135
13179873
1226730842
1013534030
1400935396
1309585620
1943851760
1761113868
35003358
1361233273
1028350584
1179975511
1907155381
1742874014
1951344714
1674636341
37630215
38301272
1266638776
36195963
1393927574
36504830
1579590097
1329385225
123275931
1815661840
1976241690
1712735640
1499660608
33510980
1729799905
1312139553
1155830773
1023037137
1571025310
1066873460
1992606492
1891825973
1201974986
20272174
34228290
1993072806
1047443712
1714677355
36785829
1354944829
1510853049
1636571197
1530594139
1486222913
1189970521
1732651729
1855707466
38227443
1013909886
31292874
1499119401
1697582983
1297204864
1849627686
1680391092
34349433
1510629096
1431631412
1561609662
1953457857
1721939875
36266067
21129628
38548706
1599378912
1424425094
1737753721
1380028890
1100429345
1611991924
1647823532
1747552688
18790005
1335660419
33979729
1262766573
1418981294
1471695103
1242479478
1197419444
37592522
38462398
1024501231
1334089514
778485723
35624223
1978912101
1064682887
1009553872
458160662
1217213059
1348102450
1440816737
1766996125
1417206539
38404891
1349823588
11632310
38751937
36667682
1021506532
1675859519
1902737844
1771200419
859857359
21848683
1913549649
1200799924
37943802
1906632112
1034942986
1150831008
37578817
35726772
1774269591
1177670205
1800338473
33891143
1267633713
1415976565
20913746
1886256841
1605124064
37408349
33292432
1479575962
1912389737
38291358
1134372647
1833185899
1481174484
862641752
1800955905
1056652147
674179089
993990809
1978359775
1129627515
18790027
1335295074
19994426
1759441377
1051220427
1129896368
1654577204
1496246653
1029339229
36779748
1156112068
1703927354
33167059
1136436599
1766633878
37663561
1630030343
1957951720
1165545050
38467626
20593670
1993388905
34897295
1609583532
1000991258
1862718376
1681887209
1443064599
1259792926
37413985
18322286
1255960333
1255182216
1244165509
13154606
37600550
35297697
1996887120
1494582967
1005475707
1828932055
1577799559
20468464
1519152766
31392640
1225027833
1760281675
1353043108
1902874356
1475734023
11555246
18364083
35117308
1237104695
1348931873
19594124
661723045
1049125211
38411516
34259269
1230577374
1922159413
1430853087
1242070068
1536277313
1344661821
1182054616
1354533620
36782334
1489217680
1860007845
1464984328
234069088
21037841
1324132180
1903713739
1569635151
1967209597
1818555879
1679298554
1705777306
1033432893
1618574788
1729135401
1704485516
1241375855
1923547109
36188515
1070522601
1343983317
1547395711
1765421983
1059830571
1658726759
38779891
1978161435
1986704513
1579227591
19535343
13341197
1164199221
1304764553
1040324044
1588882724
1849652804
1919141423
1888142591
1747116056
1873281326
1173180819
1032842399
1163261577
1433337733
19861672
1284739480
653467130
1448964097
1068496177
1476690926
18604508
1070761534
1291742970
1403593255
1274350966
1964121026
1734353460
38010024
1467566565
37349717
1980675959
1389931753
1567564724
13390151
1755010029
1633696121
82850318
37411506
1822391299
1079580857
1102492397
1006983247
19886228
1803480676
1070992505
1702469895
1526062253
37556305
1358985425
20986095
1108625845
11626202
1733564552
1747711449
37542231
1750900108
1777390319
1187359393
19800770
1775967927
1321779020
1017222292
1648798478
1159123138
1181997169
1522311765
38274871
1393727773
35032076
18785528
1111599187
36184127
1240123131
1490298783
365735446
1773796128
1924669168
1127290743
1676369812
33299940
12958800
18799565
36998341
1124366262
1985110297
1425934319
1908072205
1577648959
1325232969
1362092844
1753800653
1869238855
1776919158
1919523487
468898817
12785328
1163396664
1668083449
1697944670
1472721182
1098081455
1832644987
38286911
1068351637
1233823212
37060491
1033297008
1680871826
20383925
38262843
1669405150
1290393070
1092942624
1131081137
1794528224
37286386
20917604
1426315717
31592378
34098350
1872238260
1406467432
1933645388
33840116
1501211213
13154746
911607128
1795366632
1199752887
1816808470
1287775548
1984185113
11824418
1567681535
1463639648
37468024
1547261740
1915170119
1037700604
1068082260
1895579040
1691919115
1243681627
1970660827
1321013474
620146107
37281730
44906939
1411060895
37392825
1973372078
1823032189
11683257
1064886637
11387630
1126882398
20050417
1032525985
1525469440
62087187
759820549
1249593173
1018144000
1593874577
1642904665
1991007491
1436718221
1331305271
1401001726
33237660
1440779896
1750570304
1320618841
1275815754
1096273146
1442258641
1216931278
1374506500
1550726302
625311806
1611975945
36202928
1275129415
37046691
1490709349
33707338
1664411845
1400809993
34079145
1895036093
1475719578
1803405521
1651918728
1223384037
31469621
1875624361
1414485182
1216066656
37179366
1867058935
1436667360
38729006
1836696411
1208774602
1269507110
37489475
32799839
135080827
1267556937
1440248977
1017474885
18372421
1128364627
195609594
35251725
20871154
1763615245
1831597455
1842859846
1188843453
1027321167
1018882826
1419575982
37434385
1732575894
18790047
37637666
36177642
1185506401
35781433
1882480351
1088865473
1224693248
36943175
1627258053
36343564
1924306900
33877615
1882335739
1508260607
38506397
35222006
1356994783
20694388
1212702695
1568802813
703816866
1736095566
1640683116
36091096
1099123355
1288621176
1209006404
1266457163
1228504917
1681173417
13154854
1668003266
1404784472
1998395408
1042616208
1573127169
1697902012
38009729
1072376209
1279919457
50564877
37257404
34959252
1173480601
1989752719
1927893209
31469248
1616124276
1495399831
1178405880
1970435736
11663081
1165293784
1312489969
37002699
36406285
1454390682
13156960
1363994074
1478677082
1690354455
1817514533
1497061118
1827984629
1270213408
1513690097
1797964754
36864685
1696901372
1807612140
1461392674
1496600562
37288434
38681947
32875867
13155959
35940382
1630360144
1203522370
1173198438
814481697
38570861
1772187177
959037931
31202900
1653955236
1363561300
18800778
33626741
11710184
1811586372
38667250
1542402051
1589257764
1589734404
37928252
11880458
1485118707
1517626770
1259640588
1537730077
1487493372
154970292
398689412
1250470567
1959618992
1323483649
1489541086
1048885383
33636548
1199774733
1034170442
1057870023
1548716472
1093122204
37192534
1934133001
1038428279
1255383366
1674768623
1499118397
1068624619
1303451450
13371744
38276366
1940095324
1530993164
20136283
543015182
38555759
1110516674
20883368
11679294
36680775
1123352890
37203179
37633696
1547900223
1825392776
11845737
1011218680
1466204245
1172910030
37624477
1935683021
1552053924
1201042628
493546299
1549524831
1472837357
1769475988
1199238297
20836890
1015887536
1194347023
1877440034
1512118942
1336542183
1671280630
1118558810
1212665407
19877438
1704339246
1298505160
1476397400
13269361
13191758
1251267977
1226471334
1527559550
1467500967
1763607050
1051445603
1620268506
36543788
38641874
1629339009
1124107346
1863919713
20601626
1774348070
1382577032
1449114928
18779198
1870032982
1071880318
1091645761
19866695
1193759736
929067525
31777479
11675084
1551455274
1537918661
1404221424
1206369946
37663862
1185189754
36046893
1304934400
1151030658
1346211149
13538858
18752158
18782898
35523842
36960472
1585753069
1971067365
1589846824
1586430962
1881560133
36262323
1512204809
1109548907
37388765
1589729484
1127996416
20672072
1463569236
1216415928
1818653919
1351299139
1178550925
1038394700
239322834
1353061022
32588637
32572240
1587222035
1272336785
18361327
31558719
1791240561
1605252724
123323584
1378496863
1152661518
1692694844
1064804903
1747211292
1458651864
1728895666
1372736952
1444475584
36097869
1217027261
1385597977
1276500986
1090105095
1504225593
1019592431
1231534281
36615409
38281362
1092805249
1124038349
11726132
1636076061
1418628816
36454701
1675858699
35689421
1871941720
332802673
20879522
37405553
38276219
1835078284
1630572480
37822783
1553545915
1518059511
780970482
20940399
1105757173
1198311937
18356763
30836615
1260603319
1070926739
18772202
31919239
37495195
1566687178
36004752
1700484018
35003931
1016980230
1213381047
1852402093
1654500992
1274942536
30837368
1712627991
1601204746
1097660525
38016085
1024144185
1390349194
1507771107
1927061657
1080330680
371599204
18796393
1905696578
37176082
1080811064
1219330561
1615292526
1047747034
1594078238
1167649328
86471200
1857736114
13154805
37288686
1155958484
1644407254
11707315
1076895904
37649162
1270779454
1203382540
1441592124
56032297
1165792162
1275931128
37648635
1734153618
37755606
36395673
37002553
1289022009
37322790
1542231124
11585347
1057415207
1350354532
1810051671
35125269
1259183599
1351531666
1014645240
1699901907
1541014043
1674391570
31098755
37027002
1148438950
12042070
1204941772
1538106272
31801473
1181406340
56228015
1125037096
1031219213
33093410
18363587
12985100
31306168
37495376
1612138237
1345752905
1152277974
1354570766
1916735931
37275398
1795087384
1637809662
38782401
36342218
19942829
36597408
1447626937
20713591
37641947
37414199
32779391
31564332
1406660024
1093679465
1101023273
1231465853
1141698218
1564044330
1097144860
1536552917
937887802
1092502636
1623650316
1697700351
37297965
34792325
1197946103
1244778355
1473075897
1546978405
1927755569
1964274729
1874989869
1117344263
1819522030
1238975810
1989409935
19873518
1968446392
32481151
34043846
1010196744
37578215
1845979023
1553150505
1289446008
13353285
1079097121
1538145919
1772266165
21016908
32960423
1962010211
18364522
1647684528
1951314959
1040236089
1908674776
1987001135
37282346
359754904
1344006523
1816828256
1027469694
368601272
1240081253
1208651828
37812777
1376080311
231630688
1159604977
1996401295
1956508264
13110509
1469119459
11856660
1790615144
1072465860
1634128388
31694410
37162689
1953847467
32473194
1764659275
73216385
1173303349
31919100
11727436
35560276
1147146405
33920482
36246465
1554706925
1246697901
1086548334
34565224
1712446689
1726349203
11721468
37742384
1108670953
19862136
1038777225
33085455
1685805793
1463822543
20887080
1421220537
1050165064
1862225287
38274857
38325942
13575406
1518470167
1652245687
1521280467
1828531081
20139601
1662314437
1053948268
1292304113
1082109729
11680030
1875845170
1698144185
36873920
1742698212
1816118878
1837920980
1931465862
1217834839
313241250
1216216728
1776440411
30815324
1429108683
1335983925
93725304
13098718
1129806526
18791036
1294694156
1456435836
34780088
1674882417
31036949
1033595832
1197641297
40976246
1751200053
13539443
1873955788
1341539764
1414076813
38419261
1837560807
1416089642
1497981923
1342595020
1513531541
1657750948
13101637
1233569773
1803099305
1921732964
34350404
1217411138
1020840658
1484803171
1719059855
1477750254
33471612
637360725
1752138250
21219669
1876744456
1421050442
1706951884
1196877618
1718324386
31212815
1644448362
1349290845
1836765337
18791537
1675507434
1301682086
1090371533
650033961
1144111526
38314477
1166770410
1062472699
11707564
1208440005
35637834
1457591672
1051025270
35769408
1635567513
771973025
1447063578
1352674026
1889129222
1063954725
1106675065
1580543297
1348526323
1097253141
34013916
963900956
1698847103
1299875051
1385744904
35554133
1167186610
1430221327
1073640740
1006791410
1841366645
1582378176
1532872819
13291366
13160647
1281624074
36342891
1377929798
1609467609
37263734
35993042
36523247
1430560487
1959911273
18793292
1889897522
1498186485
35288238
36395293
34393996
793535986
1732949952
1032649059
1206020079
36909159
1619553130
1848516030
1180827154
73603981
1386739751
1244383648
1858568345
1941893090
19882161
1989746487
12907660
1093809527
1660061899
1153543220
72140696
1586264428
1888696827
55217218
13027489
1599768379
13475125
1721729164
1472251754
1159061896
1199729561
36314730
1556960033
1487520652
32052655
1632535022
1997205002